# Last update	2015-03-20 Fri 01:14:33
# Herm count	56
# Male count	7
# Status	Not Inspected
# pX	pY	width	height	nHerm	nMale	length (um)	fatness	e1	e2	maskImageIDNumb	unknown
2538	2518	96	136	1	0	1078.1616	13.762238	0.493865	0.505076	33	false
2115	2552	98	153	1	0	1197.3667	13.724551	0.546781	0.602080	34	false
3192	2574	174	55	1	0	1178.7592	13.930636	0.507371	0.707107	35	false
1903	2606	152	115	1	0	1300.3730	14.256831	0.321081	0.523053	36	false
2593	2620	160	111	1	0	1254.0302	14.808383	0.589256	0.602355	37	false
2914	2656	101	157	1	0	1209.2655	14.592814	0.488397	0.561591	38	false
3484	2668	25	192	1	0	1199.6354	12.759162	0.410264	0.545455	39	false
2737	2834	53	107	0	1	834.7857	10.078947	0.600000	1.118034	41	false
3187	2849	185	148	0	0	0.0000	0.000000	0.000000	0.000000	42	true
2731	2898	91	150	0	0	0.0000	0.000000	0.000000	0.000000	43	true
3779	2938	57	160	1	0	1111.5497	13.389937	0.605783	0.674949	44	false
1789	2957	104	142	1	0	1127.5275	13.470199	0.500000	0.566352	45	false
3427	2946	125	138	1	0	1186.3745	14.509677	0.419137	0.506594	46	false
2142	3002	52	204	1	0	1343.7550	14.546341	0.545455	0.546781	47	false
3082	3007	123	70	1	0	1002.6321	12.442857	0.353553	0.546781	48	false
2599	2944	166	305	0	0	0.0000	0.000000	0.000000	0.000000	49	true
4552	3052	79	120	1	0	1102.9819	20.375796	0.380521	0.495261	50	false
1993	3094	105	91	0	1	916.9498	9.338583	0.614636	0.961769	51	false
3882	3103	124	89	1	0	1012.2500	11.685714	0.482573	0.500000	52	false
3999	3116	185	32	1	0	1205.8603	13.054348	0.517727	0.640184	53	false
3790	3133	143	87	1	0	1134.2896	12.742331	0.515805	0.570088	54	false
3727	3225	158	55	1	0	1193.2419	14.023256	0.418638	0.641179	55	false
3092	3225	188	34	1	0	1247.4827	13.622340	0.591969	0.608276	56	false
3420	3269	111	185	0	0	0.0000	0.000000	0.000000	0.000000	57	true
5006	3330	79	197	1	0	1366.9482	20.014778	0.403113	0.582623	58	false
2982	3332	78	129	1	0	1057.3764	12.306250	0.618347	0.675863	59	false
3936	3348	283	115	0	0	0.0000	0.000000	0.000000	0.000000	60	true
4532	3390	163	54	1	0	1105.6089	12.182927	0.552158	0.626013	61	false
1755	3394	81	154	1	0	1115.8267	12.490323	0.382188	0.419137	62	false
2582	3464	128	105	0	0	0.0000	0.000000	0.000000	0.000000	63	true
3105	3468	171	72	0	1	1133.2922	15.302469	0.428353	1.625000	64	false
2761	3496	138	114	1	0	1203.8926	14.337278	0.157329	0.641179	65	false
4600	3500	104	156	1	0	1200.1978	14.537500	0.434613	0.500000	66	false
2298	3629	129	113	1	0	1153.8324	13.858025	0.497519	0.651920	68	false
4023	3647	164	44	1	0	1147.0873	13.365269	0.600000	0.602355	69	false
2148	3729	146	67	1	0	1183.3932	13.480000	0.507371	0.703598	70	false
4103	3748	81	89	0	0	809.1913	10.142857	0.596795	0.630286	71	true
3453	3754	133	140	0	0	0.0000	0.000000	0.000000	0.000000	72	true
2421	3759	75	116	0	1	943.5990	9.391304	0.447214	1.000000	73	false
3913	3851	201	153	0	0	0.0000	0.000000	0.000000	0.000000	74	true
2035	3888	83	114	1	0	995.3767	11.448980	0.537484	0.552158	75	false
3412	3912	116	52	0	0	941.6298	11.915385	0.538516	0.618080	76	true
3695	3930	181	64	1	0	1305.6192	15.646409	0.507673	0.554700	77	false
2451	3938	58	81	0	0	639.0490	7.563218	0.509902	0.806226	78	true
4159	3966	153	149	1	0	1357.5214	16.505682	0.481664	0.532152	79	false
3992	4032	24	99	0	0	623.0712	7.083333	0.135457	0.632456	80	true
1748	4050	147	68	1	0	1137.2480	12.960227	0.509902	0.605257	81	false
4906	4051	93	145	1	0	1138.9905	13.289308	0.316228	0.507371	82	false
1686	4102	76	189	1	0	1306.4962	13.632979	0.412311	0.488397	83	false
2393	4112	46	86	0	0	636.6945	7.228261	0.618347	0.651920	84	true
2674	4180	157	105	0	0	0.0000	0.000000	0.000000	0.000000	86	true
1943	4198	81	149	1	0	1220.9462	14.514286	0.454077	0.543214	87	false
1638	4200	130	217	0	0	0.0000	0.000000	0.000000	0.000000	88	true
2877	4227	79	149	1	0	1140.9408	14.035294	0.441726	0.651920	90	false
4000	4246	142	99	1	0	1121.5950	12.914474	0.500000	0.566558	91	false
3483	4314	129	142	1	0	1324.0286	13.994681	0.428353	0.537484	92	false
4118	4333	121	138	1	0	1152.1022	13.453333	0.529999	0.618080	93	false
3839	4358	140	89	1	0	1090.7135	13.875862	0.444994	0.565685	95	false
2523	4371	110	56	0	0	819.4496	10.175439	0.527046	0.707107	96	true
2951	4410	83	146	1	0	1161.2107	14.121951	0.454077	0.478913	97	false
2874	4439	80	141	1	0	1122.0797	12.883436	0.567646	0.641179	98	false
4491	4481	61	59	0	1	865.2610	8.730159	0.500000	1.143544	99	false
3663	4436	210	205	0	0	0.0000	0.000000	0.000000	0.000000	101	true
3967	4452	60	75	0	1	730.7758	7.127273	0.500000	1.000000	102	false
3940	4585	167	36	1	0	1144.7973	12.157895	0.559017	0.563093	104	false
2941	4610	110	109	1	0	1056.6004	12.448980	0.455321	0.566352	105	false
3441	4567	72	90	0	0	858.9340	9.573643	0.537484	0.567646	106	true
3560	4684	198	106	0	0	0.0000	0.000000	0.000000	0.000000	107	true
1913	4747	139	103	1	0	1083.8879	14.071429	0.364216	0.618347	110	false
3642	4751	177	90	0	0	0.0000	0.000000	0.000000	0.000000	111	true
3228	4810	84	177	1	0	1253.4588	14.323864	0.462250	0.605257	113	false
3779	4818	90	185	1	0	1350.1628	15.005208	0.364216	0.564770	114	false
3434	4820	280	133	0	0	0.0000	0.000000	0.000000	0.000000	115	true
3005	4846	111	90	0	1	957.9996	10.388060	0.587220	0.894427	116	false
4338	4874	85	185	1	0	1307.6928	15.369565	0.456070	0.456070	117	false
2513	4950	36	187	1	0	1205.8921	13.657754	0.362143	0.564770	118	false
2893	4953	58	204	1	0	1347.8492	22.433498	0.333333	0.403828	119	false
3806	4969	163	39	1	0	1082.4228	12.387500	0.500000	0.605257	120	false
3096	5063	80	169	1	0	1204.7005	14.292398	0.539072	0.640312	123	false
2990	5073	68	154	1	0	1172.5777	13.111765	0.462250	0.535844	124	false
3175	5114	31	207	1	0	1324.8480	17.406699	0.471405	0.488397	125	false
2490	5128	51	151	1	0	1024.3770	12.099338	0.434613	0.632456	126	false
2592	5154	101	176	0	0	0.0000	0.000000	0.000000	0.000000	127	true
3651	5195	164	82	1	0	1159.3666	13.393750	0.394922	0.670820	128	false
4621	5227	136	76	0	0	827.5771	15.773109	0.704078	1.093948	129	true
4367	5262	135	41	0	0	908.2343	11.140741	0.574696	0.727607	130	true
2562	5357	153	58	1	0	1051.2052	12.111842	0.434613	0.488397	134	false
4223	5360	118	93	0	0	969.0285	12.007463	0.588348	0.653720	135	true
1035	5444	245	272	0	0	2211.9106	0.000000	0.000000	0.000000	136	true
