# Last update	2015-03-20 Fri 01:11:15
# Herm count	73
# Male count	15
# Status	Not Inspected
# pX	pY	width	height	nHerm	nMale	length (um)	fatness	e1	e2	maskImageIDNumb	unknown
5047	1310	122	130	1	0	1264.5642	20.503145	0.454751	0.474342	16	false
987	1497	293	402	0	0	3423.2064	0.000000	0.000000	0.000000	22	true
3329	1797	52	93	0	1	903.3212	8.356522	0.707107	0.946864	25	false
3825	1865	89	120	1	0	1183.8498	11.939394	0.410264	0.605257	27	false
3034	1901	47	120	0	1	1043.6836	10.715328	0.640184	0.790569	28	false
2853	1951	96	153	1	0	1249.1065	13.901961	0.500000	0.519685	31	false
3715	2053	45	88	0	0	667.6802	7.894118	0.434372	0.563093	34	true
4699	2085	149	29	0	1	1060.0020	9.561644	0.434613	0.651920	35	false
5555	2111	143	265	0	0	1987.6110	0.000000	0.000000	0.000000	37	true
1889	2172	93	136	1	0	1141.4781	12.794326	0.500000	0.519875	39	false
2968	2188	75	102	0	1	994.7447	8.896296	0.589015	1.019804	40	false
2247	2269	64	88	0	0	890.1576	8.762295	0.500000	0.571429	42	true
3734	2269	95	67	0	1	773.5165	11.676190	1.185498	1.546041	43	false
2469	2303	124	45	0	0	933.4613	9.944444	0.554700	0.620174	45	true
2622	2326	163	90	0	0	0.0000	0.000000	0.000000	0.000000	46	true
3540	2367	46	117	0	1	941.2782	8.495798	0.000000	0.883883	47	false
4892	2397	145	66	1	0	1120.3868	19.034014	0.232495	0.447214	48	false
3504	2407	43	119	0	1	908.1820	7.589744	0.666667	0.954521	49	false
2358	2425	141	42	0	1	1053.4470	10.554054	0.600925	0.760345	50	false
2958	2463	232	106	0	0	0.0000	0.000000	0.000000	0.000000	51	true
2978	2507	160	228	0	0	1931.5283	0.000000	0.000000	0.000000	53	true
2708	2510	144	71	1	0	1112.5081	10.453901	0.434613	0.549442	54	false
2623	2456	104	88	1	0	1280.2671	14.444444	0.565962	0.640312	55	false
2618	2525	96	164	0	0	0.0000	0.000000	0.000000	0.000000	56	true
2788	2529	148	68	0	0	0.0000	0.000000	0.000000	0.000000	57	true
3517	2440	60	100	0	1	897.2684	7.756757	0.746577	0.841021	58	false
3906	2564	38	116	0	0	849.3171	7.730435	0.392232	0.588348	59	true
2289	2574	54	159	1	0	1158.9900	12.056962	0.537484	0.680074	62	false
2760	2587	33	171	1	0	1209.9088	11.474286	0.438529	0.594692	63	false
3053	2555	270	260	0	0	0.0000	0.000000	0.000000	0.000000	65	true
3309	2599	140	102	0	0	0.0000	0.000000	0.000000	0.000000	66	true
3228	2700	144	103	0	1	1243.6955	7.513158	0.316228	1.000000	67	false
3231	2687	131	75	0	0	0.0000	0.000000	0.000000	0.000000	68	true
3788	2729	143	92	1	0	1292.4055	14.257485	0.546781	0.783076	69	false
2253	2593	216	172	0	0	0.0000	0.000000	0.000000	0.000000	70	true
3238	2746	63	168	1	0	1250.0867	19.094118	0.235702	0.579284	71	false
1804	2756	99	74	0	0	850.6038	10.855769	0.693375	0.824621	72	true
3514	2757	74	140	0	0	0.0000	0.000000	0.000000	0.000000	73	true
3029	2762	131	122	1	0	1297.9065	22.957317	0.387671	0.508465	74	false
1741	2786	61	110	0	1	951.8388	10.528000	0.554700	0.954521	76	false
3111	2787	56	146	1	0	1088.8519	12.917808	0.451754	0.563093	77	false
3664	2817	74	114	0	0	944.7083	11.425000	0.352261	0.589256	78	true
2728	2824	140	83	1	0	1188.2315	14.341935	0.412311	0.602080	79	false
2481	2714	145	141	0	0	0.0000	0.000000	0.000000	0.000000	80	true
3425	2840	238	231	0	0	0.0000	0.000000	0.000000	0.000000	81	true
2240	2909	180	40	1	0	1286.5440	13.408840	0.507673	0.509902	82	false
3502	2930	30	150	0	1	1074.2484	8.397351	0.651920	0.958603	83	false
3205	2939	115	75	1	0	929.1771	16.082645	0.477171	0.680074	84	false
1978	2960	148	95	1	0	1200.8441	13.687075	0.537484	0.566352	86	false
3581	2964	279	287	0	0	0.0000	0.000000	0.000000	0.000000	87	true
3646	2995	61	104	0	0	969.3458	8.776860	0.485913	0.500000	88	true
1913	3002	132	65	1	0	1199.9824	14.361842	0.687184	1.000000	89	false
2674	2957	105	93	1	0	995.4176	12.103175	0.331295	0.538516	91	false
2279	3039	166	58	1	0	1248.3665	13.577381	0.455321	0.832993	93	false
3513	3049	134	133	0	0	0.0000	0.000000	0.000000	0.000000	94	true
2334	3059	134	133	1	0	1266.3412	16.711409	0.566352	0.685004	95	false
3089	3135	167	67	1	0	1072.1123	26.006849	0.397643	0.827569	99	false
4133	3077	136	97	1	0	1321.5151	14.211429	0.488397	0.515805	100	false
3359	3167	53	131	0	0	984.9830	12.180451	0.563093	0.744348	101	true
1897	3184	184	51	0	0	0.0000	0.000000	0.000000	0.000000	102	true
2192	3235	173	24	1	0	1186.3483	12.286550	0.398015	0.605783	103	false
2109	3163	105	129	1	0	1175.5928	12.728477	0.474342	0.620174	104	false
1984	3244	57	98	0	0	800.8858	9.038835	0.707107	0.728431	105	true
4023	3248	47	162	1	0	1162.8575	12.434783	0.596795	0.605257	106	false
4273	3256	125	59	0	0	964.3723	12.008065	0.515388	0.571429	108	true
1810	3282	110	76	0	0	972.2500	11.424000	0.566352	0.587220	110	true
3612	3295	140	63	1	0	1166.5031	14.201342	0.521536	0.542326	111	false
1753	3309	102	214	0	0	0.0000	0.000000	0.000000	0.000000	112	true
3521	3342	131	93	1	0	1178.1948	14.542484	0.559017	0.563093	113	false
3719	3356	101	96	1	0	1059.6924	14.006993	0.488397	0.509902	115	false
3952	3358	61	175	1	0	1293.6863	14.135593	0.545455	0.570826	116	false
2423	3306	179	134	0	0	0.0000	0.000000	0.000000	0.000000	117	true
4155	3371	69	102	0	1	962.0915	9.105263	0.515388	1.030158	118	false
1892	3405	79	181	0	0	0.0000	0.000000	0.000000	0.000000	119	true
1414	3443	133	120	1	0	1312.4481	14.229412	0.496139	0.552158	120	false
3434	3589	129	123	0	0	0.0000	0.000000	0.000000	0.000000	121	true
3452	3591	128	117	1	0	1232.5784	9.980132	0.138675	0.185695	122	false
1939	3596	45	166	1	0	1197.4445	13.367470	0.455321	0.613308	123	false
3701	3608	117	107	1	0	1089.3417	18.815385	0.565962	0.637377	124	false
1127	3646	89	155	1	0	1239.4537	14.816456	0.522976	0.582623	125	false
3970	3665	123	78	1	0	1091.0201	11.340136	0.563093	0.602080	126	false
1732	3710	114	84	1	0	1051.4307	11.848921	0.500000	0.515388	128	false
1992	3712	117	143	1	0	1259.3159	15.205298	0.589015	0.646813	129	false
2342	3718	43	197	1	0	1368.8775	16.923077	0.394922	0.545455	130	false
4197	3721	105	48	0	1	862.7339	10.100840	1.054093	1.655212	131	false
3826	3783	70	83	0	0	840.7483	11.110169	0.497519	0.675863	132	true
4222	3743	117	109	1	0	1396.1037	15.956989	0.507371	0.648606	133	false
3659	3962	137	75	1	0	1119.2791	14.179310	0.613572	0.666667	134	false
3582	3977	253	201	0	0	0.0000	0.000000	0.000000	0.000000	136	true
3868	4060	129	69	1	0	1031.0586	10.869231	0.618347	0.667947	137	false
3855	4100	140	64	1	0	1076.4277	10.528571	0.630286	0.682461	139	false
1609	4109	186	65	1	0	1366.8342	20.184783	0.412311	0.642824	140	false
3993	4133	57	163	1	0	1209.4741	12.648485	0.455321	0.505076	141	false
2273	4140	91	149	1	0	1191.2113	21.251701	0.372526	0.547056	142	false
3813	4197	119	91	0	0	838.4662	17.943925	0.646813	1.294961	143	true
4079	4203	157	29	1	0	1087.7860	12.470968	0.588348	0.671729	144	false
1962	4271	162	63	1	0	1236.3397	13.381818	0.488397	0.583095	145	false
3357	4290	184	125	0	0	0.0000	0.000000	0.000000	0.000000	147	true
3705	4368	185	40	1	0	1295.8053	14.043716	0.392232	0.544059	150	false
2672	4448	169	90	1	0	1350.0285	14.570588	0.447214	0.570088	152	false
3583	4493	167	35	1	0	1163.8445	12.493902	0.410264	0.509902	153	false
2150	4559	101	138	1	0	1180.2677	14.000000	0.493197	0.507371	154	false
3596	4561	50	184	1	0	1307.0067	14.169399	0.488397	0.500000	156	false
2396	4561	55	174	1	0	1265.7623	17.563218	0.372526	1.000000	157	false
1917	4598	43	115	0	0	845.5575	9.123894	0.542326	0.740233	158	true
1587	4631	102	144	1	0	1210.7628	15.448276	0.497859	0.678363	159	false
2280	4638	139	95	1	0	1245.3759	12.987805	0.434613	0.682461	160	false
2791	4650	106	144	1	0	1259.5591	14.212903	0.542326	0.570826	161	false
3162	4657	93	162	1	0	1285.7352	27.968944	0.360518	0.480680	162	false
3814	4658	148	59	1	0	1168.9343	13.396104	0.546781	0.714286	163	false
2067	4707	54	163	1	0	1171.2356	21.012346	0.307148	0.380952	165	false
3278	4751	48	154	1	0	1114.1992	13.090323	0.563093	0.602080	166	false
3401	4802	151	25	1	0	1046.4253	11.593333	0.546781	0.563093	167	false
2631	4828	121	102	1	0	1126.8837	13.307143	0.460977	0.566352	169	false
3335	4872	177	23	1	0	1211.6176	12.840909	0.410264	0.608276	170	false
2770	4887	112	131	1	0	1228.2350	13.136364	0.500000	0.800943	171	false
2099	4891	172	54	1	0	1254.7788	13.394118	0.488397	0.745356	172	false
2877	4899	142	109	1	0	1335.8352	19.219101	0.246932	0.608276	174	false
3972	4910	36	106	0	0	776.3836	8.877358	0.500000	0.620174	175	true
2175	4920	158	171	0	0	0.0000	0.000000	0.000000	0.000000	176	true
3144	4933	56	105	0	0	841.0554	11.045455	0.500000	0.694516	177	true
2388	4953	81	178	1	0	1363.6112	29.387640	0.316228	0.331699	178	false
2544	5019	102	173	0	0	0.0000	0.000000	0.000000	0.000000	180	true
3101	5058	155	97	1	0	1266.8367	15.668790	0.283279	0.550707	181	false
2620	5059	74	170	1	0	1289.7108	18.619048	0.333333	0.340588	182	false
3249	5077	112	29	0	1	871.3634	7.714286	0.493865	0.806226	183	false
2747	5090	56	162	1	0	1202.9219	13.195122	0.481664	0.596795	184	false
3286	5076	158	150	0	0	0.0000	0.000000	0.000000	0.000000	185	true
1968	5160	169	40	1	0	1209.2699	12.547059	0.412311	0.651920	187	false
3200	5167	85	87	0	0	774.0723	16.329897	0.368782	0.760286	188	true
3546	5242	55	140	1	0	1057.2792	12.387324	0.589256	0.675863	189	false
